4294967293,131
4294967293,130
4294967293,129
4294967293,128
4294967293,127
4294967293,126
4294967293,125
4294967293,124
4294967293,123
4294967293,122
4294967293,121
4294967293,120
4294967293,119
4294967293,118
4294967293,117
4294967293,116
4294967293,115
4294967293,114
4294967293,113
4294967293,112
4294967293,111
4294967293,110
4294967293,109
4294967293,108
4294967293,107
4294967293,106
4294967293,105
4294967293,104
4294967293,103
4294967293,102
4294967293,101
4294967293,100
4294967293,99
4294967293,98
4294967293,97
4294967293,96
4294967293,95
4294967293,94
4294967293,93
4294967293,92
4294967293,91
4294967293,90
4294967293,89
4294967293,87
4294967293,86
4294967293,85
4294967293,84
4294967293,83
4294967293,82
4294967293,81
4294967293,80
4294967293,79
4294967293,78
4294967293,77
4294967293,76
4294967293,75
4294967293,74
4294967293,73
4294967293,72
4294967293,71
4294967293,70
4294967293,69
4294967293,68
4294967293,67
4294967293,66
4294967293,65
4294967293,64
4294967293,63
4294967293,62
4294967293,61
4294967293,60
4294967293,59
4294967293,58
4294967293,57
4294967293,56
4294967293,55
4294967293,54
4294967293,53
4294967293,52
4294967293,51
4294967293,50
4294967293,49
4294967293,48
4294967293,47
4294967293,46
4294967293,45
4294967293,44
4294967293,43
4294967293,42
4294967293,41
4294967293,40
4294967293,39
4294967293,38
4294967293,37
4294967293,36
4294967293,35
4294967293,34
4294967293,33
4294967293,32
4294967293,31
4294967293,30
4294967293,29
4294967293,28
4294967293,27
4294967293,26
4294967293,25
4294967293,24
4294967293,23
4294967293,22
4294967293,21
4294967293,20
4294967293,19
4294967293,18
4294967293,17
4294967293,16
4294967293,15
4294967293,14
4294967293,13
4294967293,12
4294967293,11
4294967293,10
4294967293,9
4294967293,8
4294967293,7
4294967293,6
4294967293,5
4294967293,4
4294967293,3
4294967278,131
4294967278,130
4294967278,127
4294967278,126
4294967278,42
4294967278,29
4294967278,22
4294967278,346
4294967278,174
4294967278,88
4294967278,0
4294967278,260
4294967279,132
4294967279,131
4294967279,127
4294967279,124
4294967279,122
4294967279,121
4294967279,119
4294967279,118
4294967279,114
4294967279,113
4294967279,112
4294967279,111
4294967279,109
4294967279,108
4294967279,107
4294967279,106
4294967279,105
4294967279,100
4294967279,99
4294967279,97
4294967279,77
4294967279,72
4294967279,65
4294967279,60
4294967279,55
4294967279,50
4294967279,45
4294967279,44
4294967279,315
4294967279,42
4294967279,40
4294967279,39
4294967279,38
4294967279,37
4294967279,36
4294967279,35
4294967279,34
4294967279,306
4294967279,33
4294967279,32
4294967279,31
4294967279,30
4294967279,27
4294967279,22
4294967279,88
4294967279,543
4294967278,301
4294967294,792
4294967294,1024
4294967294,1053
4294967294,742
4294967294,741
4294967294,739
4294967294,734
4294967294,733
4294967294,732
4294967294,727
4294967294,726
4294967294,725
4294967294,724
4294967294,723
4294967294,711
4294967294,701
4294967294,139
4294967294,697
4294967294,685
4294967294,738
4294967294,671
4294967294,666
4294967294,661
4294967294,660
4294967294,657
4294967294,656
4294967294,654
4294967294,652
4294967294,651
4294967294,649
4294967294,648
4294967294,647
4294967294,645
4294967294,643
4294967294,640
4294967294,638
4294967294,636
4294967294,634
4294967294,633
4294967294,632
4294967294,629
4294967294,627
4294967294,626
4294967294,624
4294967294,617
4294967294,614
4294967294,611
4294967294,608
4294967294,607
4294967294,606
4294967294,604
4294967294,603
4294967294,602
4294967294,601
4294967294,600
4294967294,599
4294967294,598
4294967294,596
4294967294,595
4294967294,594
4294967294,593
4294967294,592
4294967294,590
4294967294,585
4294967294,584
4294967294,583
4294967294,582
4294967294,581
4294967294,580
4294967294,313
4294967294,312
4294967294,305
4294967294,298
4294967294,297
4294967294,296
4294967294,295
4294967294,294
4294967294,124
4294967294,271
4294967294,268
4294967294,266
4294967294,265
4294967294,260
4294967294,257
4294967294,256
4294967294,254
4294967294,253
4294967294,245
4294967294,240
4294967294,239
4294967294,238
4294967294,236
4294967294,234
4294967294,229
4294967294,224
4294967294,223
4294967294,222
4294967294,567
4294967294,219
4294967294,218
4294967294,217
4294967294,215
4294967294,213
4294967294,207
4294967294,206
4294967294,204
4294967294,203
4294967294,202
4294967294,201
4294967294,200
4294967294,199
4294967294,198
4294967294,197
4294967294,195
4294967294,194
4294967294,193
4294967294,192
4294967294,562
4294967294,560
4294967294,555
4294967294,550
4294967294,564
4294967294,1087
4294967294,1568
4294967294,825
4294967294,908
4294967294,1413
4294967294,1284
4294967294,173
4294967294,442
4294967294,1418
4294967294,936
4294967294,1286
4294967294,1282
4294967294,1579
4294967294,1085
4294967294,1442
4294967294,425
1,0
4294967294,1468
4294967294,1486
4294967294,1415
4294967294,1485
4294967294,1040
4294967294,950
4294967278,154
4294967279,311
4294967278,313
4294967278,309
4294967278,305
4294967279,339
4294967279,298
4294967294,1484
4294967294,1483
4294967294,1482
4294967294,1481
4294967294,795
4294967294,1467
4294967294,1480
4294967294,1438
4294967294,1477
4294967294,938
4294967294,1463
4294967294,1475
4294967294,420
4294967294,1473
4294967294,1472
4294967294,1426
4294967294,1453
4294967294,511
4294967294,1044
4294967294,1598
4294967294,1588
4294967294,1469
4294967294,1466
4294967294,1454
4294967294,1449
4294967294,1440
4294967294,1434
4294967294,447
4294967294,526
4294967294,424
4294967294,981
4294967294,1448
4294967294,1451
4294967294,509
4294967294,1450
4294967294,445
4294967294,1039
4294967294,429
4294967294,438
4294967294,1447
4294967294,1430
4294967294,506
4294967294,440
4294967294,1569
4294967294,505
4294967294,504
4294967294,1439
4294967294,503
4294967294,934
4294967294,1425
4294967294,452
4294967294,427
4294967294,51
4294967294,466
4294967294,1574
4294967294,1460
4294967294,1461
4294967294,390
4294967294,417
4294967294,418
4294967294,1457
4294967294,1577
4294967294,1462
4294967294,1443
4294967294,1288
4294967294,1445
4294967294,1444
4294967294,1452
4294967294,385
4294967294,1437
4294967294,460
4294967294,441
4294967294,439
4294967294,1416
4294967294,464
4294967294,1446
4294967294,1436
4294967294,1030
4294967294,1347
4294967294,1346
4294967294,1345
4294967294,1344
4294967294,383
4294967294,381
4294967294,380
4294967294,379
4294967294,378
4294967294,377
4294967294,376
4294967294,375
4294967294,374
4294967294,373
4294967294,372
4294967294,382
4294967294,371
4294967279,536
4294967278,396
4294967279,512
4294967279,336
4294967278,399
4294967278,394
4294967278,398
4294967278,397
4294967279,338
4294967278,336
4294967278,330
4294967279,335
4294967278,393
4294967278,395
4294967278,392
4294967278,319
4294967279,334
4294967278,341
4294967279,531
4294967279,524
4294967278,325
4294967279,519
4294967279,514
4294967294,395
4294967294,396
4294967294,42
4294967294,44
4294967294,116
4294967294,386
4294967294,43
4294967294,451
4294967294,826
4294967294,416
4294967294,448
4294967294,401
4294967294,187
4294967294,410
4294967294,392
4294967294,398
4294967294,399
4294967294,397
4294967294,389
4294967294,394
4294967294,412
4294967294,409
4294967294,405
4294967294,393
4294967294,406
4294967294,411
4294967294,458
4294967294,403
4294967294,1573
4294967294,186
4294967294,177
4294967294,189
4294967294,179
4294967294,171
4294967294,957
4294967294,180
4294967294,815
4294967294,178
4294967294,165
4294967294,172
4294967294,170
4294967294,175
4294967294,168
4294967294,167
4294967294,169
4294967294,166
4294967294,181
4294967294,182
4294967294,159
4294967294,88
4294967294,87
4294967294,391
4294967294,86
4294967294,85
4294967294,84
4294967294,83
4294967294,812
4294967294,387
4294967294,939
4294967294,160
4294967294,156
4294967294,29
4294967294,163
4294967294,1047
4294967294,52
4294967294,370
4294967294,369
4294967294,368
4294967294,367
4294967294,366
4294967294,364
4294967294,363
4294967294,362
4294967294,361
4294967294,360
4294967294,359
4294967294,358
4294967294,357
4294967294,356
4294967294,355
4294967294,365
4294967294,354
4294967294,353
4294967294,352
4294967294,351
4294967294,350
4294967294,349
4294967294,347
4294967294,329
4294967294,328
4294967294,327
4294967294,326
4294967294,325
4294967294,324
4294967294,323
4294967294,322
4294967294,321
4294967294,348
4294967294,320
4294967294,346
4294967294,345
4294967294,344
4294967294,343
4294967294,342
4294967294,340
4294967294,339
4294967294,338
4294967294,337
4294967294,336
4294967294,335
4294967294,334
4294967294,333
4294967294,332
4294967294,331
4294967294,341
4294967294,330
4294967294,31
4294967294,785
4294967294,786
4294967294,800
4294967294,799
4294967294,798
4294967294,791
4294967294,1539
4294967294,1465
4294967294,787
4294967279,274
4294967279,572
4294967278,377
4294967279,250
4294967278,376
4294967278,373
4294967279,569
4294967278,372
4294967279,567
4294967279,242
4294967279,565
4294967279,241
4294967279,563
4294967279,559
4294967279,558
4294967279,557
4294967279,236
4294967279,556
4294967279,231
4294967279,555
4294967279,227
4294967279,225
4294967279,215
4294967279,213
4294967279,209
4294967278,357
4294967278,356
4294967278,355
4294967278,294
4294967279,286
4294967278,317
4294967279,316
4294967279,314
4294967279,285
4294967279,312
4294967279,310
4294967279,309
4294967279,308
4294967278,311
4294967279,307
4294967279,305
4294967279,284
4294967279,283
4294967278,307
4294967279,302
4294967278,304
4294967279,294
4294967279,293
4294967279,292
4294967279,291
4294967279,279
4294967279,272
4294967294,801
4294967278,419
4294967279,301
4294967279,25
4294967294,58
4294967294,57
4294501266,0
4294967278,24
4294967294,1381
4294967294,1380
4294967294,1379
4294967294,1378
4294967294,1377
4294967294,1376
4294967294,1375
4294967294,1374
4294967294,1373
4294967294,1372
4294967294,1371
4294967294,1370
4294967294,1369
4294967294,1368
4294967294,1367
4294967294,1366
4294967294,1365
4294967278,303
4294967294,1364
4294967294,1363
4294967294,1362
4294967294,1361
4294967294,1360
4294967294,1358
4294967294,1359
4294967294,1357
4294967294,1356
4294967294,1355
4294967294,1354
4294967294,1353
4294967294,1352
4294967294,1351
4294967294,1350
4294967294,1349
4294967294,1348
4294967294,4
1,3
4294967294,92
4294967294,900
4294967294,898
4294967294,907
4294967294,960
4294967278,21
4294967278,287
4294967278,286
4294967278,418
4294967278,20
4294967279,20
4294967279,337
4294967278,19
4294967278,280
4294967279,19
4294967279,297
4294967278,417
4294967279,13
4294967279,276
4294967279,9
4294967279,255
4294967278,8
4294967278,299
4294967279,8
4294967294,1458
4294967279,320
4294967278,7
4294967278,259
4294967294,1567
4294967294,115
4294967294,114
4294967294,384
4294967294,162
4294967294,507
4294967294,979
4294967294,1464
4294967294,1420
4294967294,1476
4294967294,980
4294967294,1431
4294967294,106
4294967294,35
4294967294,158
4294967294,38
4294967294,105
4294967279,7
4294967279,457
4294967279,456
4294967294,150
4294967294,149
4294967294,148
4294967294,945
4294967294,147
